Sample Prime Numbers
--------------------
A list of 250, 9-digit prime numbers; all are the same bit-length forcompatibility.

235893509
235893523
235893563
235893617
235893629
235893641
235893643
235893653
235893661
235893673
235893677
235893689
235893709
235893739
235893761
235893821
235893839
235893841
235893851
235893863
235893871
235893923
235893929
235893947
235893953
235893961
235893967
235893979
235894073
235894103
235894111
235894117
235894133
235894157
235894181
235894199
235894229
235894231
235894247
235894343
235894349
235894369
235894387
235894391
235894403
235894423
235894427
235894459
235894487
235894493
235894501
235894507
235894511
235894579
235894597
235894627
235894643
235894649
235894697
235894751
235894781
235894783
235894801
235894811
235894817
235894819
235894837
235894843
235894849
235894871
235894889
235894913
235894963
235894987
235894993
235894999
235895003
235895041
235895057
235895063
235895081
235895087
235895117
235895129
235895131
235895147
235895189
235895201
235895207
235895221
235895227
235895287
235895323
235895327
235895347
235895389
235895437
235895447
235895453
235895477
235895531
235895533
235895537
235895557
235895579
235895581
235895593
235895617
235895623
235895641
235895713
235895717
235895753
235895783
235895789
235895801
235895819
235895827
235895839
235895851
235895897
235895921
235895939
235895953
235895969
235895971
235895977
235895999
235896047
235896049
235896091
235896103
235896113
235896137
235896169
235896173
235896181
235896203
235896217
235896239
235896251
235896253
235896263
235896289
235896359
235896389
235896407
235896413
235896421
235896433
235896439
235896443
235896461
235896473
235896491
235896511
235896569
235896593
235896613
235896637
235896673
235896679
235896721
235896733
235896737
235896751
235896769
235896797
235896827
235896833
235896841
235896851
235896863
235896893
235896907
235896911
235896917
235896931
235896953
235896979
235897009
235897031
235897069
235897087
235897093
235897121
235897139
235897147
235897157
235897159
235897169
235897171
235897199
235897201
235897213
235897241
235897243
235897261
235897283
235897289
235897297
235897301
235897303
235897357
235897373
235897379
235897393
235897421
235897427
235897439
235897447
235897451
235897463
235897469
235897471
235897511
235897561
235897567
235897573
235897589
235897609
235897619
235897621
235897639
235897643
235897679
235897757
235897813
235897853
235897877
235897897
235897927
235897931
235897951
235897973
235897999
235898017
235898057
235898059
235898077
235898087
235898153
235898161
235898191
235898197
235898207
235898233
235898237
235898249
235898261